567                      -1600                    0                        static_2000              25                       400                      -3820.44629              
567                      -1600                    0                        static_2000              25                       410                      -3802.41504              
567                      -1600                    0                        static_2000              25                       420                      -3811.11597              
567                      -1600                    0                        static_2000              25                       430                      -3815.24561              
567                      -1600                    0                        static_2000              25                       440                      -3796.03784              
567                      -1600                    0                        static_2000              25                       450                      -3808.63281              
567                      -1600                    0                        static_2000              25                       460                      -3782.71655              
567                      -1600                    0                        static_2000              25                       470                      -3804.48242              
567                      -1600                    0                        static_2000              25                       480                      -3802.11182              
567                      -1600                    0                        static_2000              25                       490                      -3804.21167              
567                      -1600                    0                        static_2000              25                       500                      -3793.14526              
567                      -1600                    0                        static_2000              25                       510                      -3808.61646              
567                      -1600                    0                        static_2000              25                       520                      -3814.04272              
567                      -1600                    0                        static_2000              25                       530                      -3817.77734              
567                      -1600                    0                        static_2000              25                       540                      -3811.3667               
567                      -1600                    0                        static_2000              25                       550                      -3816.76245              
567                      -1600                    0                        static_2000              25                       560                      -3802.5271               
567                      -1600                    0                        static_2000              25                       570                      -3818.61279              
567                      -1600                    0                        static_2000              25                       580                      -3818.61963              
567                      -1600                    0                        static_2000              25                       590                      -3806.71069              
567                      -1600                    0                        static_2000              25                       600                      -3819.68506              
567                      -1600                    0                        static_2000              25                       610                      -3810.57666              
567                      -1600                    0                        static_2000              25                       620                      -3829.20557              
567                      -1600                    0                        static_2000              25                       630                      -3822.26611              
567                      -1600                    0                        static_2000              25                       640                      -3828.01587              
567                      -1600                    0                        static_2000              25                       650                      -3830.03394              
567                      -1600                    0                        static_2000              25                       660                      -3855.79102              
567                      -1600                    0                        static_2000              25                       670                      -3878.74585              
567                      -1600                    0                        static_2000              25                       680                      -3853.22168              
567                      -1600                    0                        static_2000              25                       690                      -3885.36255              
567                      -1600                    0                        static_2000              25                       700                      -3890.40918              
567                      -1600                    0                        static_2000              25                       710                      -3867.97632              
567                      -1600                    0                        static_2000              25                       720                      -3900.81152              
567                      -1600                    0                        static_2000              25                       730                      -3912.64697              
567                      -1600                    0                        static_2000              25                       740                      -3899.2644               
567                      -1600                    0                        static_2000              25                       750                      -3910.02881              
567                      -1600                    0                        static_2000              25                       760                      -3907.22095              
567                      -1600                    0                        static_2000              25                       770                      -3927.18335              
567                      -1600                    0                        static_2000              25                       780                      -3927.93115              
567                      -1600                    0                        static_2000              25                       790                      -3917.86475              
567                      -1600                    0                        static_2000              25                       800                      -3938.22437              
567                      -1600                    0                        static_2000              25                       810                      -3928.49048              
567                      -1600                    0                        static_2000              25                       820                      -3943.00903              
567                      -1600                    0                        static_2000              25                       830                      -3938.93311              
567                      -1600                    0                        static_2000              25                       840                      -3944.09961              
567                      -1600                    0                        static_2000              25                       850                      -3950.67603              
567                      -1600                    0                        static_2000              25                       860                      -3953.88745              
567                      -1600                    0                        static_2000              25                       870                      -3956.88599              
567                      -1600                    0                        static_2000              25                       880                      -3955.25171              
567                      -1600                    0                        static_2000              25                       890                      -3956.86108              
567                      -1600                    0                        static_2000              25                       900                      -3968.56738              
567                      -1600                    0                        static_2000              25                       910                      -3961.82056              
567                      -1600                    0                        static_2000              25                       920                      -3970.92847              
567                      -1600                    0                        static_2000              25                       930                      -3971.99536              
567                      -1600                    0                        static_2000              25                       940                      -3975.77148              
567                      -1600                    0                        static_2000              25                       950                      -3977.38232              
567                      -1600                    0                        static_2000              25                       960                      -3978.79248              
567                      -1600                    0                        static_2000              25                       970                      -3980.06494              
567                      -1600                    0                        static_2000              25                       980                      -3981.2981               
567                      -1600                    0                        static_2000              25                       990                      -3982.2688               
567                      -1600                    0                        static_2000              25                       1000                     -3982.61182              
567                      -1600                    0                        static_2000              45                       400                      -3818.94287              
567                      -1600                    0                        static_2000              45                       410                      -3809.30371              
567                      -1600                    0                        static_2000              45                       420                      -3813.2312               
567                      -1600                    0                        static_2000              45                       430                      -3812.86963              
567                      -1600                    0                        static_2000              45                       440                      -3803.11621              
567                      -1600                    0                        static_2000              45                       450                      -3811.83765              
567                      -1600                    0                        static_2000              45                       460                      -3798.88232              
567                      -1600                    0                        static_2000              45                       470                      -3804.08594              
567                      -1600                    0                        static_2000              45                       480                      -3804.47095              
567                      -1600                    0                        static_2000              45                       490                      -3806.94189              
567                      -1600                    0                        static_2000              45                       500                      -3789.2998               
567                      -1600                    0                        static_2000              45                       510                      -3805.93872              
567                      -1600                    0                        static_2000              45                       520                      -3802.14697              
567                      -1600                    0                        static_2000              45                       530                      -3791.05566              
567                      -1600                    0                        static_2000              45                       540                      -3809.94482              
567                      -1600                    0                        static_2000              45                       550                      -3825.14697              
567                      -1600                    0                        static_2000              45                       560                      -3806.12891              
567                      -1600                    0                        static_2000              45                       570                      -3808.6499               
567                      -1600                    0                        static_2000              45                       580                      -3814.33936              
567                      -1600                    0                        static_2000              45                       590                      -3800.91724              
567                      -1600                    0                        static_2000              45                       600                      -3819.47119              
567                      -1600                    0                        static_2000              45                       610                      -3808.75537              
567                      -1600                    0                        static_2000              45                       620                      -3834.29224              
567                      -1600                    0                        static_2000              45                       630                      -3830.9502               
567                      -1600                    0                        static_2000              45                       640                      -3824.31445              
567                      -1600                    0                        static_2000              45                       650                      -3855.66528              
567                      -1600                    0                        static_2000              45                       660                      -3872.18677              
567                      -1600                    0                        static_2000              45                       670                      -3827.14526              
567                      -1600                    0                        static_2000              45                       680                      -3839.38647              
567                      -1600                    0                        static_2000              45                       690                      -3872.10229              
567                      -1600                    0                        static_2000              45                       700                      -3856.1748               
567                      -1600                    0                        static_2000              45                       710                      -3859.17749              
567                      -1600                    0                        static_2000              45                       720                      -3911.58081              
567                      -1600                    0                        static_2000              45                       730                      -3914.25122              
567                      -1600                    0                        static_2000              45                       740                      -3883.95361              
567                      -1600                    0                        static_2000              45                       750                      -3897.43921              
567                      -1600                    0                        static_2000              45                       760                      -3910.42847              
567                      -1600                    0                        static_2000              45                       770                      -3918.08203              
567                      -1600                    0                        static_2000              45                       780                      -3917.49243              
567                      -1600                    0                        static_2000              45                       790                      -3915.46069              
567                      -1600                    0                        static_2000              45                       800                      -3933.20923              
567                      -1600                    0                        static_2000              45                       810                      -3916.75171              
567                      -1600                    0                        static_2000              45                       820                      -3945.95215              
567                      -1600                    0                        static_2000              45                       830                      -3921.89795              
567                      -1600                    0                        static_2000              45                       840                      -3924.98486              
567                      -1600                    0                        static_2000              45                       850                      -3950.5022               
567                      -1600                    0                        static_2000              45                       860                      -3936.03613              
567                      -1600                    0                        static_2000              45                       870                      -3960.37598              
567                      -1600                    0                        static_2000              45                       880                      -3940.42749              
567                      -1600                    0                        static_2000              45                       890                      -3961.24927              
567                      -1600                    0                        static_2000              45                       900                      -3963.01587              
567                      -1600                    0                        static_2000              45                       910                      -3970.2207               
567                      -1600                    0                        static_2000              45                       920                      -3962.3645               
567                      -1600                    0                        static_2000              45                       930                      -3974.25635              
567                      -1600                    0                        static_2000              45                       940                      -3968.54834              
567                      -1600                    0                        static_2000              45                       950                      -3977.25146              
567                      -1600                    0                        static_2000              45                       960                      -3978.75586              
567                      -1600                    0                        static_2000              45                       970                      -3979.05542              
567                      -1600                    0                        static_2000              45                       980                      -3981.25366              
567                      -1600                    0                        static_2000              45                       990                      -3982.26855              
567                      -1600                    0                        static_2000              45                       1000                     -3983.05469              
567                      -1600                    0                        static_2000              5                        400                      -3814.40747              
567                      -1600                    0                        static_2000              5                        410                      -3795.94336              
567                      -1600                    0                        static_2000              5                        420                      -3811.99927              
567                      -1600                    0                        static_2000              5                        430                      -3802.21704              
567                      -1600                    0                        static_2000              5                        440                      -3797.65845              
567                      -1600                    0                        static_2000              5                        450                      -3768.57764              
567                      -1600                    0                        static_2000              5                        460                      -3789.02026              
567                      -1600                    0                        static_2000              5                        470                      -3794.7627               
567                      -1600                    0                        static_2000              5                        480                      -3795.94897              
567                      -1600                    0                        static_2000              5                        490                      -3798.34326              
567                      -1600                    0                        static_2000              5                        500                      -3792.24438              
567                      -1600                    0                        static_2000              5                        510                      -3788.62329              
567                      -1600                    0                        static_2000              5                        520                      -3802.97363              
567                      -1600                    0                        static_2000              5                        530                      -3786.86108              
567                      -1600                    0                        static_2000              5                        540                      -3788.23145              
567                      -1600                    0                        static_2000              5                        550                      -3801.58276              
567                      -1600                    0                        static_2000              5                        560                      -3798.14648              
567                      -1600                    0                        static_2000              5                        570                      -3808.74927              
567                      -1600                    0                        static_2000              5                        580                      -3774.88452              
567                      -1600                    0                        static_2000              5                        590                      -3812.94922              
567                      -1600                    0                        static_2000              5                        600                      -3800.00439              
567                      -1600                    0                        static_2000              5                        610                      -3785.76099              
567                      -1600                    0                        static_2000              5                        620                      -3843.39722              
567                      -1600                    0                        static_2000              5                        630                      -3803.22314              
567                      -1600                    0                        static_2000              5                        640                      -3809.9917               
567                      -1600                    0                        static_2000              5                        650                      -3831.07617              
567                      -1600                    0                        static_2000              5                        660                      -3837.17114              
567                      -1600                    0                        static_2000              5                        670                      -3867.1748               
567                      -1600                    0                        static_2000              5                        680                      -3848.7312               
567                      -1600                    0                        static_2000              5                        690                      -3874.91455              
567                      -1600                    0                        static_2000              5                        700                      -3851.30127              
567                      -1600                    0                        static_2000              5                        710                      -3864.86377              
567                      -1600                    0                        static_2000              5                        720                      -3891.89526              
567                      -1600                    0                        static_2000              5                        730                      -3882.73267              
567                      -1600                    0                        static_2000              5                        740                      -3895.44238              
567                      -1600                    0                        static_2000              5                        750                      -3889.78418              
567                      -1600                    0                        static_2000              5                        760                      -3892.16406              
567                      -1600                    0                        static_2000              5                        770                      -3897.81128              
567                      -1600                    0                        static_2000              5                        780                      -3910.96387              
567                      -1600                    0                        static_2000              5                        790                      -3921.55957              
567                      -1600                    0                        static_2000              5                        800                      -3931.20532              
567                      -1600                    0                        static_2000              5                        810                      -3925.22852              
567                      -1600                    0                        static_2000              5                        820                      -3936.61206              
567                      -1600                    0                        static_2000              5                        830                      -3947.93726              
567                      -1600                    0                        static_2000              5                        840                      -3946.06641              
567                      -1600                    0                        static_2000              5                        850                      -3942.53345              
567                      -1600                    0                        static_2000              5                        860                      -3946.42065              
567                      -1600                    0                        static_2000              5                        870                      -3945.94604              
567                      -1600                    0                        static_2000              5                        880                      -3957.64331              
567                      -1600                    0                        static_2000              5                        890                      -3963.24414              
567                      -1600                    0                        static_2000              5                        900                      -3967.92188              
567                      -1600                    0                        static_2000              5                        910                      -3969.15479              
567                      -1600                    0                        static_2000              5                        920                      -3971.4165               
567                      -1600                    0                        static_2000              5                        930                      -3972.69336              
567                      -1600                    0                        static_2000              5                        940                      -3972.41089              
567                      -1600                    0                        static_2000              5                        950                      -3976.94946              
567                      -1600                    0                        static_2000              5                        960                      -3978.7793               
567                      -1600                    0                        static_2000              5                        970                      -3979.54272              
567                      -1600                    0                        static_2000              5                        980                      -3977.09985              
567                      -1600                    0                        static_2000              5                        990                      -3981.79004              
567                      -1600                    0                        static_2000              5                        1000                     -3979.06836              
567                      -1600                    0                        static_2000              65                       400                      -3812.3208               
567                      -1600                    0                        static_2000              65                       410                      -3811.68066              
567                      -1600                    0                        static_2000              65                       420                      -3817.89429              
567                      -1600                    0                        static_2000              65                       430                      -3820.64893              
567                      -1600                    0                        static_2000              65                       440                      -3816.91699              
567                      -1600                    0                        static_2000              65                       450                      -3827.91284              
567                      -1600                    0                        static_2000              65                       460                      -3820.41846              
567                      -1600                    0                        static_2000              65                       470                      -3809.12012              
567                      -1600                    0                        static_2000              65                       480                      -3811.71655              
567                      -1600                    0                        static_2000              65                       490                      -3820.99976              
567                      -1600                    0                        static_2000              65                       500                      -3816.29663              
567                      -1600                    0                        static_2000              65                       510                      -3807.92261              
567                      -1600                    0                        static_2000              65                       520                      -3829.29053              
567                      -1600                    0                        static_2000              65                       530                      -3853.86499              
567                      -1600                    0                        static_2000              65                       540                      -3844.19531              
567                      -1600                    0                        static_2000              65                       550                      -3869.33569              
567                      -1600                    0                        static_2000              65                       560                      -3862.51489              
567                      -1600                    0                        static_2000              65                       570                      -3888.93481              
567                      -1600                    0                        static_2000              65                       580                      -3884.63403              
567                      -1600                    0                        static_2000              65                       590                      -3891.97412              
567                      -1600                    0                        static_2000              65                       600                      -3899.01855              
567                      -1600                    0                        static_2000              65                       610                      -3904.02539              
567                      -1600                    0                        static_2000              65                       620                      -3911.96313              
567                      -1600                    0                        static_2000              65                       630                      -3908.56812              
567                      -1600                    0                        static_2000              65                       640                      -3915.69067              
567                      -1600                    0                        static_2000              65                       650                      -3916.74121              
567                      -1600                    0                        static_2000              65                       660                      -3919.17651              
567                      -1600                    0                        static_2000              65                       670                      -3918.63452              
567                      -1600                    0                        static_2000              65                       680                      -3922.14648              
567                      -1600                    0                        static_2000              65                       690                      -3923.11963              
567                      -1600                    0                        static_2000              65                       700                      -3914.73169              
567                      -1600                    0                        static_2000              65                       710                      -3929.44482              
567                      -1600                    0                        static_2000              65                       720                      -3928.56714              
567                      -1600                    0                        static_2000              65                       730                      -3906.73755              
567                      -1600                    0                        static_2000              65                       740                      -3935.24243              
567                      -1600                    0                        static_2000              65                       750                      -3939.22729              
567                      -1600                    0                        static_2000              65                       760                      -3941.54077              
567                      -1600                    0                        static_2000              65                       770                      -3941.54077              
567                      -1600                    0                        static_2000              65                       780                      -3947.30957              
567                      -1600                    0                        static_2000              65                       790                      -3946.57373              
567                      -1600                    0                        static_2000              65                       800                      -3946.46729              
567                      -1600                    0                        static_2000              65                       810                      -3941.1416               
567                      -1600                    0                        static_2000              65                       820                      -3945.4187               
567                      -1600                    0                        static_2000              65                       830                      -3953.38232              
567                      -1600                    0                        static_2000              65                       840                      -3944.68506              
567                      -1600                    0                        static_2000              65                       850                      -3955.46899              
567                      -1600                    0                        static_2000              65                       860                      -3961.27075              
567                      -1600                    0                        static_2000              65                       870                      -3963.49463              
567                      -1600                    0                        static_2000              65                       880                      -3962.0083               
567                      -1600                    0                        static_2000              65                       890                      -3951.44214              
567                      -1600                    0                        static_2000              65                       900                      -3961.03564              
567                      -1600                    0                        static_2000              65                       910                      -3970.92603              
567                      -1600                    0                        static_2000              65                       920                      -3971.0918               
567                      -1600                    0                        static_2000              65                       930                      -3973.20557              
567                      -1600                    0                        static_2000              65                       940                      -3975.78882              
567                      -1600                    0                        static_2000              65                       950                      -3976.72974              
567                      -1600                    0                        static_2000              65                       960                      -3978.82153              
567                      -1600                    0                        static_2000              65                       970                      -3980.16504              
567                      -1600                    0                        static_2000              65                       980                      -3981.30371              
567                      -1600                    0                        static_2000              65                       990                      -3982.27197              
567                      -1600                    0                        static_2000              65                       1000                     -3983.05396              
567                      -1600                    0                        static_2000              0                        400                      -3801.47632              
567                      -1600                    0                        static_2000              0                        410                      -3795.1377               
567                      -1600                    0                        static_2000              0                        420                      -3797.96777              
567                      -1600                    0                        static_2000              0                        430                      -3796.72119              
567                      -1600                    0                        static_2000              0                        440                      -3794.52222              
567                      -1600                    0                        static_2000              0                        450                      -3775.98438              
567                      -1600                    0                        static_2000              0                        460                      -3793.06445              
567                      -1600                    0                        static_2000              0                        470                      -3784.0625               
567                      -1600                    0                        static_2000              0                        480                      -3794.64087              
567                      -1600                    0                        static_2000              0                        490                      -3786.97534              
567                      -1600                    0                        static_2000              0                        500                      -3791.73169              
567                      -1600                    0                        static_2000              0                        510                      -3785.7146               
567                      -1600                    0                        static_2000              0                        520                      -3778.00977              
567                      -1600                    0                        static_2000              0                        530                      -3794.74023              
567                      -1600                    0                        static_2000              0                        540                      -3785.88037              
567                      -1600                    0                        static_2000              0                        550                      -3782.56689              
567                      -1600                    0                        static_2000              0                        560                      -3806.30664              
567                      -1600                    0                        static_2000              0                        570                      -3785.00391              
567                      -1600                    0                        static_2000              0                        580                      -3805.31592              
567                      -1600                    0                        static_2000              0                        590                      -3815.71216              
567                      -1600                    0                        static_2000              0                        600                      -3799.09546              
567                      -1600                    0                        static_2000              0                        610                      -3808.83008              
567                      -1600                    0                        static_2000              0                        620                      -3789.91675              
567                      -1600                    0                        static_2000              0                        630                      -3800.375                
567                      -1600                    0                        static_2000              0                        640                      -3833.57959              
567                      -1600                    0                        static_2000              0                        650                      -3822.95435              
567                      -1600                    0                        static_2000              0                        660                      -3848.52368              
567                      -1600                    0                        static_2000              0                        670                      -3841.35986              
567                      -1600                    0                        static_2000              0                        680                      -3845.55981              
567                      -1600                    0                        static_2000              0                        690                      -3856.30005              
567                      -1600                    0                        static_2000              0                        700                      -3854.81201              
567                      -1600                    0                        static_2000              0                        710                      -3887.18066              
567                      -1600                    0                        static_2000              0                        720                      -3862.59619              
567                      -1600                    0                        static_2000              0                        730                      -3884.28467              
567                      -1600                    0                        static_2000              0                        740                      -3878.90845              
567                      -1600                    0                        static_2000              0                        750                      -3881.62402              
567                      -1600                    0                        static_2000              0                        760                      -3894.85571              
567                      -1600                    0                        static_2000              0                        770                      -3918.46826              
567                      -1600                    0                        static_2000              0                        780                      -3898.27979              
567                      -1600                    0                        static_2000              0                        790                      -3905.24219              
567                      -1600                    0                        static_2000              0                        800                      -3906.21631              
567                      -1600                    0                        static_2000              0                        810                      -3921.85669              
567                      -1600                    0                        static_2000              0                        820                      -3935.16797              
567                      -1600                    0                        static_2000              0                        830                      -3940.90552              
567                      -1600                    0                        static_2000              0                        840                      -3935.81006              
567                      -1600                    0                        static_2000              0                        850                      -3937.05249              
567                      -1600                    0                        static_2000              0                        860                      -3954.80713              
567                      -1600                    0                        static_2000              0                        960                      -3977.24976              
567                      -1600                    0                        static_2000              0                        990                      -3981.60425              
567                      -1600                    0                        static_2000              0                        870                      -3954.1521               
567                      -1600                    0                        static_2000              0                        880                      -3960.09961              
567                      -1600                    0                        static_2000              0                        890                      -3957.12573              
567                      -1600                    0                        static_2000              0                        900                      -3964.24658              
567                      -1600                    0                        static_2000              0                        950                      -3975.73486              
567                      -1600                    0                        static_2000              0                        970                      -3979.30933              
567                      -1600                    0                        static_2000              0                        980                      -3981.30054              
567                      -1600                    0                        static_2000              0                        1000                     -3981.86304              
567                      -1600                    0                        static_2000              0                        910                      -3968.51099              
567                      -1600                    0                        static_2000              0                        920                      -3969.27954              
567                      -1600                    0                        static_2000              0                        930                      -3973.56567              
567                      -1600                    0                        static_2000              0                        940                      -3975.5249               
