567                      -1600                    0                        harmonic_750000          25                       400                      0.224178866              
567                      -1600                    0                        harmonic_750000          25                       410                      0.500061452              
567                      -1600                    0                        harmonic_750000          25                       420                      0.384049296              
567                      -1600                    0                        harmonic_750000          25                       430                      0.655704439              
567                      -1600                    0                        harmonic_750000          25                       440                      0.518952072              
567                      -1600                    0                        harmonic_750000          25                       450                      0.520193994              
567                      -1600                    0                        harmonic_750000          25                       460                      1.70364082               
567                      -1600                    0                        harmonic_750000          25                       470                      0.85213393               
567                      -1600                    0                        harmonic_750000          25                       480                      0.619847                 
567                      -1600                    0                        harmonic_750000          25                       490                      0.516078711              
567                      -1600                    0                        harmonic_750000          25                       500                      0.62076205               
567                      -1600                    0                        harmonic_750000          25                       510                      0.378877074              
567                      -1600                    0                        harmonic_750000          25                       520                      0.435308456              
567                      -1600                    0                        harmonic_750000          25                       530                      0.47212109               
567                      -1600                    0                        harmonic_750000          25                       540                      0.351087451              
567                      -1600                    0                        harmonic_750000          25                       550                      0.264199346              
567                      -1600                    0                        harmonic_750000          25                       560                      0.219931066              
567                      -1600                    0                        harmonic_750000          25                       570                      0.22519809               
567                      -1600                    0                        harmonic_750000          25                       580                      0.250263691              
567                      -1600                    0                        harmonic_750000          25                       590                      0.292039663              
567                      -1600                    0                        harmonic_750000          25                       600                      0.154783711              
567                      -1600                    0                        harmonic_750000          25                       610                      0.13966015               
567                      -1600                    0                        harmonic_750000          25                       620                      0.13567099               
567                      -1600                    0                        harmonic_750000          25                       630                      0.119088538              
567                      -1600                    0                        harmonic_750000          25                       640                      0.115951389              
567                      -1600                    0                        harmonic_750000          25                       650                      0.173318326              
567                      -1600                    0                        harmonic_750000          25                       660                      0.159497857              
567                      -1600                    0                        harmonic_750000          25                       670                      0.566289663              
567                      -1600                    0                        harmonic_750000          25                       680                      0.127398789              
567                      -1600                    0                        harmonic_750000          25                       690                      0.0325289629             
567                      -1600                    0                        harmonic_750000          25                       700                      0.0350667946             
567                      -1600                    0                        harmonic_750000          25                       710                      0.0334289633             
567                      -1600                    0                        harmonic_750000          25                       720                      0.031620305              
567                      -1600                    0                        harmonic_750000          25                       730                      0.0668873265             
567                      -1600                    0                        harmonic_750000          25                       740                      0.00219670008            
567                      -1600                    0                        harmonic_750000          25                       750                      0.0633387789             
567                      -1600                    0                        harmonic_750000          25                       760                      0.0637268126             
567                      -1600                    0                        harmonic_750000          25                       770                      0.0968575552             
567                      -1600                    0                        harmonic_750000          25                       780                      0.0335379727             
567                      -1600                    0                        harmonic_750000          25                       790                      0.0316617601             
567                      -1600                    0                        harmonic_750000          25                       800                      0.0320328549             
567                      -1600                    0                        harmonic_750000          25                       810                      0.0316683762             
567                      -1600                    0                        harmonic_750000          25                       820                      0.0316378996             
567                      -1600                    0                        harmonic_750000          25                       830                      0.0317846164             
567                      -1600                    0                        harmonic_750000          25                       840                      0.0632606521             
567                      -1600                    0                        harmonic_750000          25                       850                      0.0316946805             
567                      -1600                    0                        harmonic_750000          25                       860                      0.0316851102             
567                      -1600                    0                        harmonic_750000          25                       870                      0.0316479057             
567                      -1600                    0                        harmonic_750000          25                       880                      0.0316753574             
567                      -1600                    0                        harmonic_750000          25                       890                      0.0859035403             
567                      -1600                    0                        harmonic_750000          25                       900                      0.20152247               
567                      -1600                    0                        harmonic_750000          25                       910                      1.3470813                
567                      -1600                    0                        harmonic_750000          25                       920                      3.78069711               
567                      -1600                    0                        harmonic_750000          25                       930                      7.07042837               
567                      -1600                    0                        harmonic_750000          25                       940                      12.2860594               
567                      -1600                    0                        harmonic_750000          25                       950                      20.1821957               
567                      -1600                    0                        harmonic_750000          25                       960                      30.8543282               
567                      -1600                    0                        harmonic_750000          25                       970                      44.3599129               
567                      -1600                    0                        harmonic_750000          25                       980                      60.6190948               
567                      -1600                    0                        harmonic_750000          25                       990                      78.2278671               
567                      -1600                    0                        harmonic_750000          25                       1000                     100.609161               
567                      -1600                    0                        harmonic_750000          45                       400                      38.0695839               
567                      -1600                    0                        harmonic_750000          45                       410                      37.2177887               
567                      -1600                    0                        harmonic_750000          45                       420                      28.6044617               
567                      -1600                    0                        harmonic_750000          45                       430                      30.2463188               
567                      -1600                    0                        harmonic_750000          45                       440                      26.9603996               
567                      -1600                    0                        harmonic_750000          45                       450                      23.1703243               
567                      -1600                    0                        harmonic_750000          45                       460                      25.6297779               
567                      -1600                    0                        harmonic_750000          45                       470                      22.5033379               
567                      -1600                    0                        harmonic_750000          45                       480                      18.3878956               
567                      -1600                    0                        harmonic_750000          45                       490                      14.7604847               
567                      -1600                    0                        harmonic_750000          45                       500                      15.0909224               
567                      -1600                    0                        harmonic_750000          45                       510                      10.9109421               
567                      -1600                    0                        harmonic_750000          45                       520                      9.53424168               
567                      -1600                    0                        harmonic_750000          45                       530                      10.0223827               
567                      -1600                    0                        harmonic_750000          45                       540                      8.16965771               
567                      -1600                    0                        harmonic_750000          45                       550                      6.82878399               
567                      -1600                    0                        harmonic_750000          45                       560                      5.99176693               
567                      -1600                    0                        harmonic_750000          45                       570                      6.3641367                
567                      -1600                    0                        harmonic_750000          45                       580                      6.46696424               
567                      -1600                    0                        harmonic_750000          45                       590                      6.91404152               
567                      -1600                    0                        harmonic_750000          45                       600                      6.73181009               
567                      -1600                    0                        harmonic_750000          45                       610                      3.79757595               
567                      -1600                    0                        harmonic_750000          45                       620                      2.93803906               
567                      -1600                    0                        harmonic_750000          45                       630                      3.55307841               
567                      -1600                    0                        harmonic_750000          45                       640                      1.59855282               
567                      -1600                    0                        harmonic_750000          45                       650                      1.55268776               
567                      -1600                    0                        harmonic_750000          45                       660                      2.26738429               
567                      -1600                    0                        harmonic_750000          45                       670                      0.776126087              
567                      -1600                    0                        harmonic_750000          45                       680                      0.825118184              
567                      -1600                    0                        harmonic_750000          45                       690                      0.932678163              
567                      -1600                    0                        harmonic_750000          45                       700                      0.492155641              
567                      -1600                    0                        harmonic_750000          45                       710                      0.341075391              
567                      -1600                    0                        harmonic_750000          45                       720                      0.278023362              
567                      -1600                    0                        harmonic_750000          45                       730                      0.185075849              
567                      -1600                    0                        harmonic_750000          45                       740                      0.181934044              
567                      -1600                    0                        harmonic_750000          45                       750                      0.173703074              
567                      -1600                    0                        harmonic_750000          45                       760                      0.0990201086             
567                      -1600                    0                        harmonic_750000          45                       770                      0.348255128              
567                      -1600                    0                        harmonic_750000          45                       780                      0.358306617              
567                      -1600                    0                        harmonic_750000          45                       790                      0.0215147547             
567                      -1600                    0                        harmonic_750000          45                       800                      0.00572456               
567                      -1600                    0                        harmonic_750000          45                       810                      0.00756375445            
567                      -1600                    0                        harmonic_750000          45                       820                      0.00928637479            
567                      -1600                    0                        harmonic_750000          45                       830                      0.114702247              
567                      -1600                    0                        harmonic_750000          45                       840                      0.377592921              
567                      -1600                    0                        harmonic_750000          45                       850                      0.198554307              
567                      -1600                    0                        harmonic_750000          45                       860                      0.330045909              
567                      -1600                    0                        harmonic_750000          45                       870                      0.30220446               
567                      -1600                    0                        harmonic_750000          45                       880                      0.072857216              
567                      -1600                    0                        harmonic_750000          45                       890                      0.40527758               
567                      -1600                    0                        harmonic_750000          45                       900                      1.03507471               
567                      -1600                    0                        harmonic_750000          45                       910                      1.87745428               
567                      -1600                    0                        harmonic_750000          45                       920                      4.78608131               
567                      -1600                    0                        harmonic_750000          45                       930                      7.99266052               
567                      -1600                    0                        harmonic_750000          45                       940                      13.0607014               
567                      -1600                    0                        harmonic_750000          45                       950                      20.9515305               
567                      -1600                    0                        harmonic_750000          45                       960                      31.4985142               
567                      -1600                    0                        harmonic_750000          45                       970                      44.7666283               
567                      -1600                    0                        harmonic_750000          45                       980                      61.3551788               
567                      -1600                    0                        harmonic_750000          45                       990                      78.799057                
567                      -1600                    0                        harmonic_750000          45                       1000                     100.992233               
567                      -1600                    0                        harmonic_750000          5                        400                      9.61581318e-05           
567                      -1600                    0                        harmonic_750000          5                        410                      9.70849651e-05           
567                      -1600                    0                        harmonic_750000          5                        420                      9.61624828e-05           
567                      -1600                    0                        harmonic_750000          5                        430                      9.61581318e-05           
567                      -1600                    0                        harmonic_750000          5                        440                      9.61581318e-05           
567                      -1600                    0                        harmonic_750000          5                        450                      9.61581318e-05           
567                      -1600                    0                        harmonic_750000          5                        460                      9.61581318e-05           
567                      -1600                    0                        harmonic_750000          5                        470                      0.0038610436             
567                      -1600                    0                        harmonic_750000          5                        480                      9.63152852e-05           
567                      -1600                    0                        harmonic_750000          5                        490                      9.61581318e-05           
567                      -1600                    0                        harmonic_750000          5                        500                      9.61581318e-05           
567                      -1600                    0                        harmonic_750000          5                        510                      9.61581318e-05           
567                      -1600                    0                        harmonic_750000          5                        520                      9.61581318e-05           
567                      -1600                    0                        harmonic_750000          5                        530                      9.61581318e-05           
567                      -1600                    0                        harmonic_750000          5                        540                      9.61581318e-05           
567                      -1600                    0                        harmonic_750000          5                        550                      9.61581318e-05           
567                      -1600                    0                        harmonic_750000          5                        560                      9.61581318e-05           
567                      -1600                    0                        harmonic_750000          5                        570                      9.61581318e-05           
567                      -1600                    0                        harmonic_750000          5                        580                      0.000173154869           
567                      -1600                    0                        harmonic_750000          5                        590                      9.61581318e-05           
567                      -1600                    0                        harmonic_750000          5                        600                      9.61581318e-05           
567                      -1600                    0                        harmonic_750000          5                        610                      9.61581318e-05           
567                      -1600                    0                        harmonic_750000          5                        620                      9.61581318e-05           
567                      -1600                    0                        harmonic_750000          5                        630                      9.61581318e-05           
567                      -1600                    0                        harmonic_750000          5                        640                      9.61581318e-05           
567                      -1600                    0                        harmonic_750000          5                        650                      9.61581318e-05           
567                      -1600                    0                        harmonic_750000          5                        660                      9.61581318e-05           
567                      -1600                    0                        harmonic_750000          5                        670                      0.000104707171           
567                      -1600                    0                        harmonic_750000          5                        680                      9.61581318e-05           
567                      -1600                    0                        harmonic_750000          5                        690                      9.61581318e-05           
567                      -1600                    0                        harmonic_750000          5                        700                      9.61581318e-05           
567                      -1600                    0                        harmonic_750000          5                        710                      9.61581318e-05           
567                      -1600                    0                        harmonic_750000          5                        720                      9.61581318e-05           
567                      -1600                    0                        harmonic_750000          5                        730                      9.61581318e-05           
567                      -1600                    0                        harmonic_750000          5                        740                      9.61581318e-05           
567                      -1600                    0                        harmonic_750000          5                        750                      9.61581318e-05           
567                      -1600                    0                        harmonic_750000          5                        760                      9.61581318e-05           
567                      -1600                    0                        harmonic_750000          5                        770                      9.61581318e-05           
567                      -1600                    0                        harmonic_750000          5                        780                      9.61581318e-05           
567                      -1600                    0                        harmonic_750000          5                        790                      9.61581318e-05           
567                      -1600                    0                        harmonic_750000          5                        800                      9.61581318e-05           
567                      -1600                    0                        harmonic_750000          5                        810                      9.61581318e-05           
567                      -1600                    0                        harmonic_750000          5                        820                      9.61581318e-05           
567                      -1600                    0                        harmonic_750000          5                        830                      9.61581318e-05           
567                      -1600                    0                        harmonic_750000          5                        840                      9.61581318e-05           
567                      -1600                    0                        harmonic_750000          5                        850                      9.61581318e-05           
567                      -1600                    0                        harmonic_750000          5                        860                      9.61581318e-05           
567                      -1600                    0                        harmonic_750000          5                        870                      9.61581318e-05           
567                      -1600                    0                        harmonic_750000          5                        880                      9.61581318e-05           
567                      -1600                    0                        harmonic_750000          5                        890                      9.61581318e-05           
567                      -1600                    0                        harmonic_750000          5                        900                      0.0936940014             
567                      -1600                    0                        harmonic_750000          5                        910                      0.98937881               
567                      -1600                    0                        harmonic_750000          5                        920                      3.41600728               
567                      -1600                    0                        harmonic_750000          5                        930                      6.54814243               
567                      -1600                    0                        harmonic_750000          5                        940                      12.1102772               
567                      -1600                    0                        harmonic_750000          5                        950                      19.8591843               
567                      -1600                    0                        harmonic_750000          5                        960                      30.4633179               
567                      -1600                    0                        harmonic_750000          5                        970                      42.22015                 
567                      -1600                    0                        harmonic_750000          5                        980                      58.2073364               
567                      -1600                    0                        harmonic_750000          5                        990                      77.8623886               
567                      -1600                    0                        harmonic_750000          5                        1000                     100.40062                
567                      -1600                    0                        harmonic_750000          65                       400                      362.020691               
567                      -1600                    0                        harmonic_750000          65                       410                      330.905579               
567                      -1600                    0                        harmonic_750000          65                       420                      312.514984               
567                      -1600                    0                        harmonic_750000          65                       430                      281.150452               
567                      -1600                    0                        harmonic_750000          65                       440                      274.859802               
567                      -1600                    0                        harmonic_750000          65                       450                      249.796936               
567                      -1600                    0                        harmonic_750000          65                       460                      232.366455               
567                      -1600                    0                        harmonic_750000          65                       470                      199.544556               
567                      -1600                    0                        harmonic_750000          65                       480                      191.579102               
567                      -1600                    0                        harmonic_750000          65                       490                      170.886703               
567                      -1600                    0                        harmonic_750000          65                       500                      163.235458               
567                      -1600                    0                        harmonic_750000          65                       510                      138.280899               
567                      -1600                    0                        harmonic_750000          65                       520                      123.666275               
567                      -1600                    0                        harmonic_750000          65                       530                      110.070374               
567                      -1600                    0                        harmonic_750000          65                       540                      97.9423218               
567                      -1600                    0                        harmonic_750000          65                       550                      85.631546                
567                      -1600                    0                        harmonic_750000          65                       560                      77.112793                
567                      -1600                    0                        harmonic_750000          65                       570                      71.9027328               
567                      -1600                    0                        harmonic_750000          65                       580                      59.4561043               
567                      -1600                    0                        harmonic_750000          65                       590                      51.9415855               
567                      -1600                    0                        harmonic_750000          65                       600                      49.598999                
567                      -1600                    0                        harmonic_750000          65                       610                      36.987442                
567                      -1600                    0                        harmonic_750000          65                       620                      36.4156418               
567                      -1600                    0                        harmonic_750000          65                       630                      25.2165127               
567                      -1600                    0                        harmonic_750000          65                       640                      22.8196983               
567                      -1600                    0                        harmonic_750000          65                       650                      25.1413765               
567                      -1600                    0                        harmonic_750000          65                       660                      20.0272427               
567                      -1600                    0                        harmonic_750000          65                       670                      15.5254984               
567                      -1600                    0                        harmonic_750000          65                       680                      13.9877377               
567                      -1600                    0                        harmonic_750000          65                       690                      12.0256863               
567                      -1600                    0                        harmonic_750000          65                       700                      10.370573                
567                      -1600                    0                        harmonic_750000          65                       710                      11.6703415               
567                      -1600                    0                        harmonic_750000          65                       720                      12.2398663               
567                      -1600                    0                        harmonic_750000          65                       730                      13.6065521               
567                      -1600                    0                        harmonic_750000          65                       740                      5.23070049               
567                      -1600                    0                        harmonic_750000          65                       750                      4.98352814               
567                      -1600                    0                        harmonic_750000          65                       760                      3.18935704               
567                      -1600                    0                        harmonic_750000          65                       770                      3.65844107               
567                      -1600                    0                        harmonic_750000          65                       780                      2.42067647               
567                      -1600                    0                        harmonic_750000          65                       790                      2.73532987               
567                      -1600                    0                        harmonic_750000          65                       800                      2.10676241               
567                      -1600                    0                        harmonic_750000          65                       810                      9.51389313               
567                      -1600                    0                        harmonic_750000          65                       820                      7.82015896               
567                      -1600                    0                        harmonic_750000          65                       830                      5.92941713               
567                      -1600                    0                        harmonic_750000          65                       840                      5.94895649               
567                      -1600                    0                        harmonic_750000          65                       850                      5.01938009               
567                      -1600                    0                        harmonic_750000          65                       860                      3.18358421               
567                      -1600                    0                        harmonic_750000          65                       870                      3.19173694               
567                      -1600                    0                        harmonic_750000          65                       880                      2.3664453                
567                      -1600                    0                        harmonic_750000          65                       890                      2.4021461                
567                      -1600                    0                        harmonic_750000          65                       900                      3.1936202                
567                      -1600                    0                        harmonic_750000          65                       910                      4.83844566               
567                      -1600                    0                        harmonic_750000          65                       920                      7.4035511                
567                      -1600                    0                        harmonic_750000          65                       930                      8.58469105               
567                      -1600                    0                        harmonic_750000          65                       940                      14.3263006               
567                      -1600                    0                        harmonic_750000          65                       950                      22.7848988               
567                      -1600                    0                        harmonic_750000          65                       960                      33.0987816               
567                      -1600                    0                        harmonic_750000          65                       970                      45.0112076               
567                      -1600                    0                        harmonic_750000          65                       980                      60.2906837               
567                      -1600                    0                        harmonic_750000          65                       990                      79.5839539               
567                      -1600                    0                        harmonic_750000          65                       1000                     102.728096               
567                      -1600                    0                        harmonic_750000          0                        400                      9.61581318e-05           
567                      -1600                    0                        harmonic_750000          0                        410                      9.61581318e-05           
567                      -1600                    0                        harmonic_750000          0                        420                      9.61581318e-05           
567                      -1600                    0                        harmonic_750000          0                        430                      9.61581318e-05           
567                      -1600                    0                        harmonic_750000          0                        440                      9.61581318e-05           
567                      -1600                    0                        harmonic_750000          0                        450                      9.61581318e-05           
567                      -1600                    0                        harmonic_750000          0                        460                      9.61581318e-05           
567                      -1600                    0                        harmonic_750000          0                        470                      9.61581318e-05           
567                      -1600                    0                        harmonic_750000          0                        480                      9.61581318e-05           
567                      -1600                    0                        harmonic_750000          0                        490                      9.61581318e-05           
567                      -1600                    0                        harmonic_750000          0                        500                      9.61581318e-05           
567                      -1600                    0                        harmonic_750000          0                        510                      9.61581318e-05           
567                      -1600                    0                        harmonic_750000          0                        520                      9.61581318e-05           
567                      -1600                    0                        harmonic_750000          0                        530                      9.61581318e-05           
567                      -1600                    0                        harmonic_750000          0                        540                      9.61581318e-05           
567                      -1600                    0                        harmonic_750000          0                        550                      9.61581318e-05           
567                      -1600                    0                        harmonic_750000          0                        560                      9.61581318e-05           
567                      -1600                    0                        harmonic_750000          0                        570                      9.61581318e-05           
567                      -1600                    0                        harmonic_750000          0                        580                      9.61581318e-05           
567                      -1600                    0                        harmonic_750000          0                        590                      9.61581318e-05           
567                      -1600                    0                        harmonic_750000          0                        600                      9.61581318e-05           
567                      -1600                    0                        harmonic_750000          0                        610                      9.61581318e-05           
567                      -1600                    0                        harmonic_750000          0                        620                      9.61581318e-05           
567                      -1600                    0                        harmonic_750000          0                        630                      9.61581318e-05           
567                      -1600                    0                        harmonic_750000          0                        640                      9.61581318e-05           
567                      -1600                    0                        harmonic_750000          0                        650                      9.61581318e-05           
567                      -1600                    0                        harmonic_750000          0                        660                      9.61581318e-05           
567                      -1600                    0                        harmonic_750000          0                        670                      9.61581318e-05           
567                      -1600                    0                        harmonic_750000          0                        680                      9.61581318e-05           
567                      -1600                    0                        harmonic_750000          0                        690                      9.61581318e-05           
567                      -1600                    0                        harmonic_750000          0                        700                      9.61581318e-05           
567                      -1600                    0                        harmonic_750000          0                        710                      9.61581318e-05           
567                      -1600                    0                        harmonic_750000          0                        720                      9.61581318e-05           
567                      -1600                    0                        harmonic_750000          0                        730                      9.61581318e-05           
567                      -1600                    0                        harmonic_750000          0                        740                      9.61581318e-05           
567                      -1600                    0                        harmonic_750000          0                        750                      9.61581318e-05           
567                      -1600                    0                        harmonic_750000          0                        760                      9.61581318e-05           
567                      -1600                    0                        harmonic_750000          0                        770                      9.61581318e-05           
567                      -1600                    0                        harmonic_750000          0                        780                      9.61581318e-05           
567                      -1600                    0                        harmonic_750000          0                        790                      9.61581318e-05           
567                      -1600                    0                        harmonic_750000          0                        800                      9.61581318e-05           
567                      -1600                    0                        harmonic_750000          0                        810                      9.61581318e-05           
567                      -1600                    0                        harmonic_750000          0                        820                      9.61581318e-05           
567                      -1600                    0                        harmonic_750000          0                        830                      9.61581318e-05           
567                      -1600                    0                        harmonic_750000          0                        840                      9.61581318e-05           
567                      -1600                    0                        harmonic_750000          0                        850                      9.61581318e-05           
567                      -1600                    0                        harmonic_750000          0                        860                      9.61581318e-05           
567                      -1600                    0                        harmonic_750000          0                        870                      9.61581318e-05           
567                      -1600                    0                        harmonic_750000          0                        880                      9.61581318e-05           
567                      -1600                    0                        harmonic_750000          0                        890                      9.61581318e-05           
567                      -1600                    0                        harmonic_750000          0                        900                      0.000601652078           
567                      -1600                    0                        harmonic_750000          0                        910                      0.790751219              
567                      -1600                    0                        harmonic_750000          0                        920                      3.07886672               
567                      -1600                    0                        harmonic_750000          0                        930                      6.33075619               
567                      -1600                    0                        harmonic_750000          0                        940                      11.9212294               
567                      -1600                    0                        harmonic_750000          0                        950                      19.7291374               
567                      -1600                    0                        harmonic_750000          0                        960                      30.3088207               
567                      -1600                    0                        harmonic_750000          0                        970                      42.3228035               
567                      -1600                    0                        harmonic_750000          0                        980                      58.2010002               
567                      -1600                    0                        harmonic_750000          0                        990                      77.8550873               
567                      -1600                    0                        harmonic_750000          0                        1000                     100.442574               
